0.21231 3.1 4.2 1.1 2.3 1.2 4.1 2.1 6.1 4.1 6.1 8.5 9.1 0.3 0.4 0.5 1.7 8.5 42.6 8.5
1.2 5.4123 1.9 5.3 1.1 3.4 0.1 2.3 0.1 4.0 4.1 4.1 0.3 4.0 4.3 5.1 0.3 4.0 1.42 3.520 
11.4 5.1 2.1231 6.3 5.4 1.60 30.8 5.4 10.15 1.2 5.1 5.12 1.6 3.4 4.1 2.3 4.5 5.4 1.6 4.1
630.2 5.4 6.4 213.3 5.4 5.6 1.0 4.3 5.5 6.4 4.5 6.8 0.6 4.6 5.8 6.71 4.4 5.6 6.42 50.4
51.8 6.4 0.4 55.6 130.6 4.4 5.8 6.4 4.5 6.5 8.0 6.4 4.51 6.8 0.6 4.4 5.6 8.5 6.452 4.5
52.14 4.5 0.6 23.4 4.1 8.4 0.6 5.4 2.4 13.5 4.2 6.3 6.4 0.5 6.3 4.6 4.8 2.6 855.42 6.4
5.318 6.5 4.4 621.6 2.3 5.5 4.6 4.1 0.2 6.5 8.5 6.41 0.28 4.5 8.6 6.4 2.0 5.4 6.8 2.1
5.511 4.6 0.6 2.5 214.6 2.6 8.5 4.6 2.4 86.6 5.6 4.465 2.6 5.0 8.6 4.4 2.5 6.8 6.422 0.8
6.5 36.4 8.6 5.6 4.2137 0.4 5.6 6.4 81.7 4.5 8.6 63.54 7.4 0.8 5.4 6.7 4.5 3.7 0.1 1.2
4.6 5.7 4.6 4.5 0.6 03.8 4.7 5.4 6.8 7.4 0.6 5.6 4.7 5.6 8.7 4.0 8.6 7.4 0.6 5.422
6.8 14.6 8.7 4.0 4.6 6.237 4.4 5.6 7.0 6.8 4.6 4.7 9.5 8.7 7.4 9.6 7.8 3.5 6.8 5.52
4.6 62.18 5.2 4.4 5.6 1.4 38.4 5.1 2.4 60.8 0.6 4.0 104.5 6.8 5.6 4.5 4.5 6.41 4.5 5.0
6.4 4.51 25.6 4.4 5.8 6.4 412.5 8.6 6.4 4.2 5.3 6.1 4.5 10.6 3.4 0.5 8.0 61.4 4.6 5.02
2.9 8.3 4.215 6.4 5.6 4.8 2.312 0.6 7.8 0.4 6.3 6.8 3.8 5.4 6.0 8.9 6.4 8.4 4.8 9.7
6.4 6.3 8.61 234.5 2.5 8.6 4.6 412123.8 1.4 3.6 4.45 1.2 6.4 1.3 8.3 6.6 5.2 4.8 6.7 3.6
8.6 4.3 6.7 8.1423 6.6 2.8 4.0 5.6 125.1 6.4 8.2 4.3 8.6 4.3 5.4 2.5 6.8 4.4 6.3 8.4
6.7 6.5 7.8 6.8 61.29 4.5 8.9 8.7 4.115 326.8 6.4 5.4 6.8 4.8 6.5 6.4 3.2 4.8 2.3 5.4
6.8 5.4 6.4 2.3 3.51 26.4 2.8 6.5 6.431 8.3 4.7 6.6 5.4 4.6 8.5 3.4 1.4 8.5 6.6 4.3
4.8 5.6 6.4 3.4 5.8 61.24 3.6 4.8 6.2136 5.3 4.4 8.6 4.81 6.5 6.4 3.4 8.6 5.3 6.4 4.555
0.4 6.2 8.4 2.33 1.2 1.21 323.2 2.24 1.21 1.65 1.2 9.6 4.6 802.0 9.8 4.1 0.8 0.6 0.3 6.35
0.21231 3.1 4.2 1.1 2.3 1.2 4.1 2.1 6.1 4.1 6.1 8.5 9.1 0.3 0.4 0.5 1.7 8.5 42.6 8.5
1.2 5.4123 1.9 5.3 1.1 3.4 0.1 2.3 0.1 4.0 4.1 4.1 0.3 4.0 4.3 5.1 0.3 4.0 1.42 3.520 
11.4 5.1 2.1231 6.3 5.4 1.60 30.8 5.4 10.15 1.2 5.1 5.12 1.6 3.4 4.1 2.3 4.5 5.4 1.6 4.1
630.2 5.4 6.24 213.3 5.4 5.6 1.0 4.3 5.5 6.4 4.5 6.8 0.6 4.6 5.8 6.71 4.4 5.6 6.42 50.4
51.8 6.4 0.4 55.6 130.6 4.4 5.8 6.4 4.5 626.5 8.0 6.42 4.51 6.8 0.6 4.4 5.6 8.5 6.452 4.5
52.14 4.5 0.6 23.4 4.1 8.4 0.6 5.4 2.4 13.5 4.2 6.3 6.4 0.5 6.3 4.6 4.8 2.6 855.42 6.4
5.318 6.5 4.4 621.6 2.3 5.5 4.6 4.1 0.2 6.5 8.5 6.41 0.28 4.5 8.6 6.4 2.0 5.4 6.8 2.1
5.511 4.6 1.6 2.5 214.66 2.6 8.5 4.6 2.4 86.6 5.6 4.465 2.6 5.0 8.6 4.4 2.5 6.8 6.422 0.8
6.5 36.4 8.6 5.6 4.2137 30.4 5.6 6.14 812.7 4.5 8.6 63.54 7.4 0.8 5.4 6.7 4.5 3.7 0.1 1.2
4.6 5.7 4.6 4.5 0.6 03.8 4.7 5.4 6.8 7.4 0.6 5.6 4.7 5.6 8.7 4.0 8.6 7.4 0.6 5.422
6.8 142.6 8.7 4.0 4.6 6.237 4.4 5.6 7.0 6.8 4.6 4.7 9.5 8.7 7.4 9.6 7.8 3.5 6.8 5.52
4.6 62.18 5.2 4.4 5.6 1.4 38.4 5.1 2.4 60.8 0.6 4.0 104.5 6.8 5.6 4.5 4.5 6.41 4.5 5.0
6.4 4.51 25.6 4.4 5.8 6.4 412.5 8.6 6.4 4.2 5.3 6.1 4.5 10.6 3.4 0.5 8.0 61.4 4.6 5.02
2.9 8.53 4.215 6.4 5.6 4.8 2.3112 0.6 7.8 0.14 6.3 6.8 3.18 5.4 6.0 83.9 6.4 8.4 4.8 9.7
6.4 6.3 8.61 234.5 2.55 8.6 4.6 412123.8 1.4 3.6 4.45 1.2 6.4 1.3 8.3 6.6 5.2 4.8 6.7 3.6
8.6 4.3 6.7 8.1423 6.6 2.18 4.0 5.6 125.1 6.4 8.2 4.3 8.6 4.3 5.4 2.5 6.8 4.4 6.3 8.4
6.7 6.5 7.8 6.8 61.29 4.5 8.9 8.7 4.115 326.8 6.4 5.4 6.8 4.8 6.5 6.4 3.2 4.8 2.3 5.4
6.8 5.4 6.4 2.3 3.51 26.4 2.8 6.5 6.431 8.3 4.7 6.6 5.4 4.6 8.5 3.4 1.4 8.5 6.6 4.3
4.8 53.6 6.24 3.4 5.8 61.24 3.6 4.8 6.2136 5.3 4.4 8.6 4.18 6.5 6.4 3.4 8.6 5.3 6.4 4.555
0.4 6.2 8.4 2.3 1.2 1.21 323.2 2.4 1.21 1.5 1.2 9.6 4.6 8.0 9.8 4.1 0.8 0.6 0.13 6.352